SIZES
  narena                13631488
  nbuffer               11472
  nplugin               0
  maxuse_stack          528
  maxuse_arena          616
  maxuse_con            0
  maxuse_efc            0
  solver_nisland        0
  ne                    0
  nf                    0
  nl                    0
  nefc                  0
  nnzJ                  0
  ncon                  0
  nisland               0
  threadpool            0

TIMER
    0:  duration =  0          number = 0
    1:  duration =  0.18       number = 16
    2:  duration =  0          number = 0
    3:  duration =  0.13       number = 16
    4:  duration =  0.02       number = 16
    5:  duration =  0.009      number = 16
    6:  duration =  0.0013     number = 16
    7:  duration =  0          number = 0
    8:  duration =  0.032      number = 16
    9:  duration =  0.014      number = 16
    10:  duration =  0.052      number = 16
    11:  duration =  0.02       number = 16
    12:  duration =  0.0015     number = 16
    13:  duration =  0.035      number = 16
    14:  duration =  0.014      number = 16

ENERGY =   0         0       

TIME =  0       

QPOS
   0       
   0       
   1       
   1       
   0       
   0       
   0       
   0       

QVEL
   0       
   0       
   0       
   0       
   0       
   0       
   0       

QACC_WARMSTART
   7.7e-17 
   1.9e-16 
  -9.8     
   3.6e-15 
   1.8e-15 
   1.3e-16 
   1.2e-15 

CTRL
   0       

QFRC_APPLIED
   0       
   0       
   0       
   0       
   0       
   0       
   0       

XFRC_APPLIED
   0         0         0         0         0         0       
   0         0         0         0         0         0       
   0         0         0         0         0         0       

QACC
   7.7e-17 
   1.9e-16 
  -9.8     
   3.6e-15 
   1.8e-15 
   1.3e-16 
   1.2e-15 

XPOS
   0         0         0       
   0         0         1       
   0.44     -0.32      1.6     

XQUAT
   1         0         0         0       
   1         0         0         0       
   0.5       0.5      -0.5      -0.5     

XMAT
   1         0         0         0         1         0         0         0         1       
   1         0         0         0         1         0         0         0         1       
   0         0        -1        -1         0         0         0         1         0       

XIPOS
   0         0         0       
   0.28     -0.36      0.95    
   0.096    -0.36      0.95    

XIMAT
   1         0         0         0         1         0         0         0         1       
  -0.067    -0.64      0.77      1        -0.023     0.069    -0.027     0.77      0.64    
  -0.067     0.64     -0.77     -1        -0.022     0.069     0.027     0.77      0.64    

XANCHOR
   0         0         1       
   0.44     -0.32      1.6     

XAXIS
   0         0         1       
  -1         0         0       

GEOM_XPOS
   0         0         0       
   0.73     -0.32      1.1     
  -0.06     -0.39      0.58    
  -0.075    -0.37      1.3     
   0.73     -0.32      1.4     
   0.44     -0.39      0.58    
   0.19     -0.32      1.6     
  -0.35     -0.32      1.4     
  -0.35     -0.32      1.1     
   0.45     -0.37      1.3     

GEOM_XMAT
   1         0         0         0         1         0         0         0         1       
   0         1         0         0         0         1         1         0         0       
  -0.1       0.99     -2e-06     2e-05     0        -1        -0.99     -0.1      -2e-05   
  -1         0        -0        -0        -1         0.045     0         0.045     1       
   0         1         0        -1         0        -0        -0         0         1       
   0.1      -0.99      2e-06    -2e-05    -2.8e-17   1        -0.99     -0.1      -2e-05   
   0         0         1         1         0         0         0         1         0       
   0        -1         0         1         0         0         0         0         1       
   0         1         0         0         0         1         1         0         0       
  -1         0        -0        -0        -1         0.045     0         0.045     1       

LIGHT_XPOS
   0         0         1.5     

LIGHT_XDIR
   0         0        -1       

SUBTREE_COM
   0.19     -0.36      0.95    
   0.19     -0.36      0.95    
   0.096    -0.36      0.95    

CDOF
   0         0         0         1         0         0       
   0         0         0         0         1         0       
   0         0         0         0         0         1       
   1         0         0         0         0.051    -0.36    
   0         1         0        -0.051     0        -0.19    
   0         0         1         0.36      0.19     -0       
  -1         0         0         0        -0.65      0.035   

CINERT
   0         0         0         0         0         0         0         0         0         0       
   2.5       5.1       3.1      -0.21     -1.4      -0.15      1.6      -0.00024  -0.0033    17      
   2.5       5.1       3.2       0.21      1.4      -0.15     -1.6       0.00024   0.0033    17      

ACTUATOR_LENGTH
   0       

ACTUATOR_MOMENT
   0         0         0         0         0         0         1       

CRB
   0         0         0         0         0         0         0         0         0         0       
   5         10        6.3      -3.3e-05  -1.1e-06  -0.3       6.7e-16   4.2e-16   1.1e-15   35      
   2.5       5.1       3.2       0.21      1.4      -0.15     -1.6       0.00024   0.0033    17      

QM
   35        0         0         0        -1.8       12        0       
   0         35        0         1.8       0         6.5      -11      
   0         0         35       -12       -6.5       0         0.6     
   0         1.8      -12        9.4       2.3       0.33     -3.3     
  -1.8       0        -6.5       2.3       12       -0.92     -0.26    
   12        6.5       0         0.33     -0.92      12       -2.5     
   0        -11        0.6      -3.3      -0.26     -2.5       9.9     

QLD
   20       -0.19      0.024     0.086    -0.059     1.1       0       
  -0.19      20       -0.12     -0.23      0.0016    0.32     -1.1     
   0.024    -0.12      16       -1.4      -0.57      0.014     0.061   
   0.086    -0.23     -1.4       7.9       0.19     -0.045    -0.33    
  -0.059     0.0016   -0.57      0.19      11       -0.088    -0.027   
   1.1       0.32      0.014    -0.045    -0.088     11       -0.25    
   0        -1.1       0.061    -0.33     -0.027    -0.25      9.9     

QLDIAGINV
   0.049   
   0.05    
   0.062   
   0.13    
   0.087   
   0.089   
   0.1     

QLDIAGSQRTINV
   0.22    
   0.22    
   0.25    
   0.36    
   0.3     
   0.3     
   0.32    

D_rownnz              7 7 7 7 7 7 7

D_rowadr              0 7 14 21 28 35 42

D_colind              0 1 2 3 4 5 6 0 1 2 3 4 5 6 0 1 2 3 4 5 6 0 1 2 3 4 5 6 0 1 2 3 4 5 6 0 1 2 3 4 5 6 0 1 2 3 4 5 6

B_rownnz              7 7 7

B_rowadr              0 7 14

B_colind              0 1 2 3 4 5 6 0 1 2 3 4 5 6 0 1 2 3 4 5 6

QDERIV
   0         0         0         0         0         0         0       
   0         0         0         0         0         0         0       
   0         0         0         0         0         0         0       
   0         0         0         0         0         0         0       
   0         0         0         0         0         0         0       
   0         0         0         0         0         0         0       
   0         0         0         0         0         0         0       

QLU
   0         0         0         0         0         0         0       
   0         0         0         0         0         0         0       
   0         0         0         0         0         0         0       
   0         0         0         0         0         0         0       
   0         0         0         0         0         0         0       
   0         0         0         0         0         0         0       
   0         0         0         0         0         0         0       

CONTACT
ACTUATOR_VELOCITY
   0       

CVEL
   0         0         0         0         0         0       
   0         0         0         0         0         0       
   0         0         0         0         0         0       

CDOF_DOT
   0         0         0         0         0         0       
   0         0         0         0         0         0       
   0         0         0         0         0         0       
   0         0         0         0         0         0       
   0         0         0         0         0         0       
   0         0         0         0         0         0       
   0        -0         0         0         0         0       

QFRC_BIAS
   0       
   0       
   3.4e+02 
  -1.2e+02 
  -64      
   0       
   5.9     

QFRC_SPRING
   0       
   0       
   0       
   0       
   0       
   0       
   0       

QFRC_DAMPER
   0       
   0       
   0       
   0       
   0       
   0       
   0       

QFRC_GRAVCOMP
   0       
   0       
   0       
   0       
   0       
   0       
   0       

QFRC_FLUID
   0       
   0       
   0       
   0       
   0       
   0       
   0       

QFRC_PASSIVE
   0       
   0       
   0       
   0       
   0       
   0       
   0       

SUBTREE_LINVEL
   0         0         0       
   0         0         0       
   0         0         0       

SUBTREE_ANGMOM
   0         0         0       
   0         0         0       
   0         0         0       

ACTUATOR_FORCE
   0       

QFRC_ACTUATOR
   0       
   0       
   0       
   0       
   0       
   0       
   0       

QFRC_SMOOTH
   0       
   0       
  -3.4e+02 
   1.2e+02 
   64      
   0       
  -5.9     

QACC_SMOOTH
   7.7e-17 
   1.9e-16 
  -9.8     
   3.6e-15 
   1.8e-15 
   1.3e-16 
   1.2e-15 

QFRC_CONSTRAINT
   0       
   0       
   0       
   0       
   0       
   0       
   0       

QFRC_INVERSE
   0       
   0       
   0       
   0       
   0       
   0       
   0       

CACC
   0         0         0         0         0         0       
   0         0         0         0         0         0       
   0         0         0         0         0         0       

CFRC_INT
   0         0         0         0         0         0       
   0         0         0         0         0         0       
   0         0         0         0         0         0       

CFRC_EXT
   0         0         0         0         0         0       
   0         0         0         0         0         0       
   0         0         0         0         0         0       

